<?xml version="1.0" encoding="UTF-8" standalone="no"?>
<!DOCTYPE svg PUBLIC "-//W3C//DTD SVG 20010904//EN"
              "http://www.w3.org/TR/2001/REC-SVG-20010904/DTD/svg10.dtd">

<svg xmlns="http://www.w3.org/2000/svg"
     width="382.271mm" height="261.621mm"
     viewBox="0 0 1505 1030">
  <path id="Region1"
        fill="none" stroke="black" stroke-width="1"
        d="M 430.67,295.33
           C 431.33,296.00 496.67,318.00 496.67,318.00
             496.67,318.00 606.67,309.33 607.33,309.33
             608.00,309.33 672.67,340.67 672.67,340.67
             672.67,340.67 757.33,366.67 757.33,366.67
             757.33,366.67 869.33,344.67 870.67,344.67
             872.00,344.67 908.67,279.33 908.67,279.33
             908.67,279.33 925.33,225.33 925.33,225.33
             925.33,225.33 890.00,142.67 890.00,142.67
             890.00,142.67 870.00,148.67 870.00,148.67
             870.00,148.67 852.67,179.33 852.67,179.33
             852.67,179.33 809.33,186.00 809.33,186.00
             809.33,186.00 750.00,171.33 750.00,171.33
             750.00,171.33 684.67,139.33 684.67,139.33
             684.67,139.33 674.00,100.67 674.00,100.67
             674.00,100.67 604.00,105.33 604.00,105.33
             604.00,105.33 503.33,129.33 503.33,130.67
             503.33,132.00 484.00,169.33 484.00,169.33
             484.00,169.33 446.00,198.00 446.00,198.00
             446.00,198.00 446.67,251.33 446.67,251.33
             446.67,251.33 430.00,294.67 430.67,295.33 Z
           M 236.67,662.67
           C 236.67,662.67 264.00,686.67 264.67,686.67
             265.33,686.67 434.67,702.00 434.67,702.00
             434.67,702.00 520.00,628.00 520.00,628.00
             520.00,628.00 574.67,594.00 574.00,594.00
             573.33,594.00 611.33,540.00 611.33,540.00
             611.33,540.00 637.33,377.33 637.33,376.00
             637.33,374.67 629.33,342.67 629.33,342.67
             629.33,342.67 612.67,319.33 612.67,319.33
             612.67,319.33 560.00,312.00 560.00,312.00
             560.00,312.00 494.67,322.67 494.67,322.67
             494.67,322.67 432.00,296.00 432.00,296.67
             432.00,297.33 359.33,359.33 359.33,359.33
             359.33,359.33 312.00,510.00 312.00,510.67
             312.00,511.33 272.00,540.00 272.00,540.00
             272.00,540.00 262.67,612.67 262.00,612.67
             261.33,612.67 236.67,662.67 236.67,662.67 Z
           M 65.33,902.67
           C 65.33,902.67 202.67,884.67 202.67,884.67
             202.67,884.67 222.00,918.67 222.67,918.67
             223.33,918.67 273.33,953.33 273.33,953.33
             273.33,953.33 375.33,972.67 375.33,972.67
             375.33,972.67 393.33,961.33 393.33,961.33
             393.33,961.33 404.00,936.00 404.00,936.00
             404.00,936.00 464.67,903.33 464.67,903.33
             464.67,903.33 472.67,832.00 472.67,832.00
             472.67,832.00 501.33,764.00 501.33,764.00
             501.33,764.00 556.67,734.67 556.67,734.67
             556.67,734.67 486.67,711.33 486.67,711.33
             486.67,711.33 435.33,704.00 435.33,704.00
             435.33,704.00 332.67,698.00 332.67,698.00
             332.67,698.00 267.33,684.00 267.33,684.00
             267.33,684.00 236.00,664.67 236.00,664.67
             236.00,664.67 174.00,731.33 174.00,731.33
             174.00,731.33 142.00,770.00 142.00,770.00
             142.00,770.00 120.00,778.00 118.67,778.00
             117.33,778.00 64.00,770.67 64.00,770.67
             64.00,770.67 65.33,902.67 65.33,902.67 Z
           M 471.33,906.00
           C 471.33,906.00 594.00,907.33 594.67,907.33
             595.33,907.33 640.67,888.00 640.67,888.00
             640.67,888.00 653.33,849.33 654.00,849.33
             654.67,849.33 698.00,841.33 698.00,841.33
             698.00,841.33 805.33,876.00 805.33,876.00
             805.33,876.00 830.67,906.67 830.67,906.67
             830.67,906.67 852.67,926.00 852.00,926.00
             851.33,926.00 884.00,862.00 884.67,862.00
             885.33,862.00 910.00,749.33 910.00,749.33
             910.00,749.33 931.33,672.00 931.33,672.00
             931.33,672.00 865.33,635.33 865.33,635.33
             865.33,635.33 840.67,563.33 840.67,563.33
             840.67,563.33 823.33,595.33 823.33,595.33
             823.33,595.33 789.33,672.67 789.33,672.67
             789.33,672.67 698.00,704.00 698.00,704.00
             698.00,704.00 554.00,738.00 554.00,738.00
             554.00,738.00 492.00,772.67 493.33,772.67
             494.67,772.67 470.67,856.67 470.67,856.67
             470.67,856.67 471.33,906.00 471.33,906.00 Z
           M 434.67,702.00
           C 434.67,702.00 526.67,716.00 527.33,716.00
             528.00,716.00 557.33,734.67 557.33,734.67
             557.33,734.67 666.00,717.33 666.67,717.33
             667.33,717.33 698.67,703.33 699.33,703.33
             700.00,703.33 782.00,678.67 782.67,678.67
             783.33,678.67 808.00,645.33 808.00,645.33
             808.00,645.33 838.00,566.67 838.00,566.67
             838.00,566.67 864.00,450.67 864.00,450.67
             864.00,450.67 870.00,340.67 870.00,340.67
             870.00,340.67 790.00,365.33 790.00,365.33
             790.00,365.33 714.00,362.00 714.67,362.00
             715.33,362.00 651.33,332.00 651.33,332.00
             651.33,332.00 614.67,315.33 614.67,315.33
             614.67,315.33 634.67,356.00 634.67,356.00
             634.67,356.00 624.67,448.67 624.67,448.67
             624.67,448.67 612.67,534.67 612.67,534.67
             612.67,534.67 568.00,601.33 568.00,601.33
             568.00,601.33 499.33,644.00 499.33,644.00
             499.33,644.00 434.67,702.00 434.67,702.00 Z
           M 855.67,928.67
           C 855.67,928.67 975.67,912.33 975.67,912.33
             975.67,912.33 1025.67,793.33 1025.67,793.00
             1025.67,792.67 1052.33,774.33 1052.33,774.33
             1052.33,774.33 1082.33,777.33 1082.33,777.33
             1082.33,777.33 1136.67,742.67 1136.67,743.00
             1136.67,743.33 1178.00,695.00 1178.00,695.00
             1178.00,695.00 1134.33,666.33 1134.33,666.33
             1134.33,666.33 1115.67,631.33 1115.67,631.33
             1115.67,631.33 1128.00,521.33 1128.00,521.33
             1128.00,521.33 1130.33,412.33 1130.33,412.33
             1130.33,412.33 1091.33,404.00 1091.33,404.00
             1091.33,404.00 1057.33,470.67 1057.33,470.67
             1057.33,470.67 991.00,627.67 991.00,627.67
             991.00,627.67 925.67,672.33 926.00,672.33
             926.33,672.33 896.00,818.33 896.00,818.33
             896.00,818.33 853.67,920.67 853.67,921.00
             853.67,921.33 855.67,928.67 855.67,928.67 Z
           M 927.00,674.00
           C 927.00,674.00 984.00,642.00 984.00,642.00
             984.00,642.00 1092.00,402.00 1092.00,402.00
             1092.00,402.00 1086.00,312.00 1086.00,312.00
             1086.00,312.00 1097.00,285.00 1097.00,285.00
             1097.00,285.00 1193.00,188.33 1193.00,188.33
             1193.00,188.33 1162.33,60.33 1162.33,60.33
             1162.33,60.33 1125.33,62.67 1125.33,62.67
             1125.33,62.67 1101.33,101.00 1101.00,101.00
             1100.67,101.00 1057.33,121.67 1057.00,121.67
             1056.67,121.67 921.00,125.33 921.00,125.33
             921.00,125.33 887.00,136.33 887.00,136.33
             887.00,136.33 922.67,227.67 922.67,227.67
             922.67,227.67 880.33,336.00 880.33,336.00
             880.33,336.00 869.67,344.33 870.00,344.33
             870.33,344.33 865.33,413.33 865.33,413.33
             865.33,413.33 842.00,562.67 842.00,562.67
             842.00,562.67 855.67,619.67 856.00,619.67
             856.33,619.67 868.67,639.33 868.67,639.33
             868.67,639.33 927.00,674.00 927.00,674.00 Z
           M 1178.33,694.00
           C 1178.33,694.00 1190.33,663.00 1190.33,663.00
             1190.33,663.00 1169.00,631.67 1169.00,631.67
             1169.00,631.67 1174.33,582.00 1174.00,582.00
             1173.67,582.00 1240.00,458.33 1240.00,458.33
             1240.00,458.33 1246.00,436.67 1246.00,436.67
             1246.00,436.67 1247.33,402.33 1247.33,402.33
             1247.33,402.33 1227.67,376.00 1227.67,376.00
             1227.67,376.00 1232.00,345.00 1232.00,345.00
             1232.00,345.00 1282.67,284.67 1282.67,284.67
             1282.67,284.67 1355.00,248.33 1355.00,248.33
             1355.00,248.33 1379.67,250.33 1379.67,250.33
             1379.67,250.33 1395.67,238.33 1395.67,238.33
             1395.67,238.33 1438.33,126.00 1438.33,126.00
             1438.33,126.00 1346.33,141.67 1347.00,142.00
             1347.67,142.33 1297.33,140.33 1297.33,140.33
             1297.33,140.33 1281.67,108.33 1281.67,108.33
             1281.67,108.33 1222.00,74.00 1222.00,74.00
             1222.00,74.00 1164.00,60.33 1164.00,60.33
             1164.00,60.33 1192.33,181.00 1192.00,181.00
             1191.67,181.00 1186.33,199.33 1186.33,199.33
             1186.33,199.33 1091.33,290.33 1091.33,290.33
             1091.33,290.33 1081.67,342.00 1081.67,342.00
             1081.67,342.00 1092.67,397.67 1092.67,397.67
             1092.67,397.67 1127.33,407.67 1127.33,407.67
             1127.33,407.67 1118.33,625.00 1118.33,625.00
             1118.33,625.00 1136.00,669.67 1136.00,669.67
             1136.00,669.67 1178.33,694.00 1178.33,694.00 Z" />
</svg>
