<?xml version="1.0" encoding="UTF-8" standalone="no"?>
<!DOCTYPE svg PUBLIC "-//W3C//DTD SVG 20010904//EN"
              "http://www.w3.org/TR/2001/REC-SVG-20010904/DTD/svg10.dtd">

<svg xmlns="http://www.w3.org/2000/svg"
     width="382.271mm" height="261.621mm"
     viewBox="0 0 1505 1030">
  <path id="Region1"
        fill="none" stroke="black" stroke-width="1"
        d="M 354.67,394.67
           C 354.67,394.67 429.33,396.00 429.33,396.00
             429.33,396.00 503.33,363.33 502.67,363.33
             502.00,363.33 617.33,310.00 617.33,310.00
             617.33,310.00 836.67,262.67 836.67,262.67
             836.67,262.67 880.67,216.67 880.67,216.67
             880.67,216.67 898.00,178.00 898.00,178.00
             898.00,178.00 880.67,140.67 880.67,140.67
             880.67,140.67 849.33,179.33 849.33,179.33
             849.33,179.33 804.00,189.33 804.00,189.33
             804.00,189.33 743.33,168.00 743.33,168.00
             743.33,168.00 685.33,138.67 685.33,138.67
             685.33,138.67 674.67,100.00 674.67,101.33
             674.67,102.67 620.00,106.00 620.00,106.00
             620.00,106.00 558.00,108.00 558.00,108.00
             558.00,108.00 503.33,131.33 502.67,131.33
             502.00,131.33 500.00,160.00 499.33,160.00
             498.67,160.00 444.67,208.67 445.33,208.00
             446.00,207.33 446.67,284.00 445.33,285.33
             444.00,286.67 386.00,345.33 386.00,345.33
             386.00,345.33 355.33,366.67 355.33,366.67
             355.33,366.67 354.67,394.67 354.67,394.67 Z
           M 246.00,649.33
           C 246.00,649.33 423.33,648.67 423.33,648.67
             423.33,648.67 437.33,682.00 437.33,682.67
             437.33,683.33 501.33,694.67 501.33,695.33
             501.33,696.00 508.00,761.33 508.00,761.33
             508.00,761.33 658.00,678.00 658.00,678.00
             658.00,678.00 598.00,526.67 598.00,526.67
             598.00,526.67 635.33,464.00 635.33,464.00
             635.33,464.00 662.00,383.33 662.00,383.33
             662.00,383.33 622.67,312.67 622.67,312.67
             622.67,312.67 496.67,363.33 497.33,363.33
             498.00,363.33 434.00,398.00 434.00,398.00
             434.00,398.00 354.00,400.67 354.00,400.67
             354.00,400.67 314.00,510.00 314.00,510.00
             314.00,510.00 279.33,530.67 279.33,530.67
             279.33,530.67 271.33,583.33 270.67,584.00
             270.00,584.67 246.00,649.33 246.00,649.33 Z
           M 63.33,904.67
           C 63.33,904.67 208.67,890.00 208.67,890.00
             208.67,890.00 222.00,916.00 222.67,916.00
             223.33,916.00 277.33,944.00 276.67,944.00
             276.00,944.00 347.33,972.00 348.00,972.00
             348.67,972.00 384.00,900.00 384.00,900.00
             384.00,900.00 443.33,826.00 443.33,826.00
             443.33,826.00 512.67,760.00 512.67,760.00
             512.67,760.00 497.33,690.67 497.33,690.67
             497.33,690.67 428.67,682.67 428.67,682.67
             428.67,682.67 424.00,646.00 421.33,647.33
             418.67,648.67 248.00,647.33 248.00,647.33
             248.00,647.33 197.33,703.33 197.33,703.33
             197.33,703.33 161.33,755.33 160.67,755.33
             160.00,755.33 126.67,769.33 126.67,769.33
             126.67,769.33 66.00,764.00 65.33,764.00
             64.67,764.00 63.33,904.67 63.33,904.67 Z
           M 440.67,829.33
           C 440.67,829.33 445.33,910.00 445.33,910.00
             445.33,910.00 614.67,902.67 614.67,902.67
             614.67,902.67 644.67,880.00 644.67,880.00
             644.67,880.00 659.33,849.33 659.33,849.33
             659.33,849.33 711.33,844.67 711.33,844.67
             711.33,844.67 755.33,853.33 756.00,854.00
             756.67,854.67 836.00,779.33 836.00,779.33
             836.00,779.33 928.67,672.67 928.67,672.67
             928.67,672.67 1021.33,600.00 1015.33,601.33
             1009.33,602.67 816.67,616.67 816.67,616.67
             816.67,616.67 663.33,679.33 663.33,679.33
             663.33,679.33 512.00,758.67 512.00,758.67
             512.00,758.67 440.67,829.33 440.67,829.33 Z
           M 663.33,679.33
           C 663.33,679.33 827.33,611.33 827.33,611.33
             827.33,611.33 921.33,544.67 921.33,544.67
             921.33,544.67 982.67,454.67 982.67,454.67
             982.67,454.67 1052.67,349.33 1052.67,349.33
             1052.67,349.33 986.00,365.33 986.00,365.33
             986.00,365.33 843.33,387.33 843.33,387.33
             843.33,387.33 877.33,316.00 877.33,316.00
             877.33,316.00 836.00,259.33 836.00,260.00
             836.00,260.67 716.67,290.67 716.67,290.67
             716.67,290.67 622.00,312.67 622.00,312.67
             622.00,312.67 662.67,379.33 662.67,379.33
             662.67,379.33 638.00,452.00 638.00,452.00
             638.00,452.00 597.33,520.67 597.33,520.67
             597.33,520.67 621.33,603.33 621.33,603.33
             621.33,603.33 663.33,679.33 663.33,679.33 Z
           M 841.33,386.00
           C 841.33,386.00 964.67,368.00 964.67,368.00
             964.67,368.00 1084.00,342.00 1084.00,342.00
             1084.00,342.00 1140.00,297.33 1140.00,297.33
             1140.00,297.33 1196.67,222.00 1196.67,222.00
             1196.67,222.00 1246.00,161.33 1246.00,161.33
             1246.00,161.33 1270.00,102.00 1270.67,102.00
             1271.33,102.00 1213.33,70.00 1213.33,70.00
             1213.33,70.00 1142.00,58.00 1142.00,58.00
             1142.00,58.00 1120.67,62.00 1120.00,62.67
             1119.33,63.33 1100.67,106.00 1100.00,106.67
             1099.33,107.33 1066.00,121.33 1066.00,121.33
             1066.00,121.33 946.00,124.00 946.00,124.00
             946.00,124.00 882.00,137.33 882.00,137.33
             882.00,137.33 894.67,182.00 894.67,182.00
             894.67,182.00 884.00,206.00 884.00,206.00
             884.00,206.00 848.00,248.67 848.67,248.67
             849.33,248.67 834.67,261.33 834.67,261.33
             834.67,261.33 880.67,312.67 880.67,312.67
             880.67,312.67 841.33,386.00 841.33,386.00 Z
           M 762.67,853.33
           C 762.67,853.33 821.33,895.33 822.00,895.33
             822.67,895.33 836.00,922.00 836.00,922.67
             836.00,923.33 898.67,927.33 898.67,927.33
             898.67,927.33 975.33,910.67 976.67,910.67
             978.00,910.67 1020.00,800.00 1020.00,800.00
             1020.00,800.00 1045.33,774.67 1045.33,774.67
             1045.33,774.67 1082.67,774.67 1082.67,774.67
             1082.67,774.67 1122.00,753.33 1122.00,753.33
             1122.00,753.33 1174.00,701.33 1174.00,701.33
             1174.00,701.33 1190.00,662.67 1190.00,662.67
             1190.00,662.67 1168.00,626.00 1168.00,626.00
             1168.00,626.00 1172.00,583.33 1172.00,583.33
             1172.00,583.33 1195.33,545.33 1195.33,545.33
             1195.33,545.33 1130.00,554.00 1130.00,554.00
             1130.00,554.00 1073.33,574.00 1073.33,574.00
             1073.33,574.00 1017.33,602.00 1017.33,602.00
             1017.33,602.00 940.67,664.00 940.67,664.00
             940.67,664.00 878.67,720.67 878.67,720.67
             878.67,720.67 829.33,782.67 829.33,782.67
             829.33,782.67 762.67,853.33 762.67,853.33 Z
           M 922.67,549.33
           C 922.67,549.33 942.67,612.00 942.67,612.00
             942.67,612.00 1028.67,594.00 1028.67,594.00
             1028.67,594.00 1114.67,560.67 1114.67,560.67
             1114.67,560.67 1193.33,546.67 1193.33,546.67
             1193.33,546.67 1243.33,450.67 1243.33,450.67
             1243.33,450.67 1248.67,408.67 1248.67,408.67
             1248.67,408.67 1227.33,372.00 1227.33,372.00
             1227.33,372.00 1242.67,332.67 1242.67,332.67
             1242.67,332.67 1328.67,254.67 1328.67,254.67
             1328.67,254.67 1380.67,250.67 1380.67,251.33
             1380.67,252.00 1409.33,216.00 1408.67,216.00
             1408.00,216.00 1436.00,124.00 1436.00,124.00
             1436.00,124.00 1324.67,144.67 1324.67,144.67
             1324.67,144.67 1292.67,139.33 1292.67,139.33
             1292.67,139.33 1275.33,102.00 1275.33,102.00
             1275.33,102.00 1220.67,191.33 1221.33,191.33
             1222.00,191.33 1137.33,293.33 1137.33,293.33
             1137.33,293.33 1096.67,334.00 1096.67,334.00
             1096.67,334.00 1046.67,348.67 1046.67,348.67
             1046.67,348.67 990.00,453.33 990.00,453.33
             990.00,453.33 922.67,549.33 922.67,549.33 Z" />
</svg>
