<?xml version="1.0" encoding="UTF-8" standalone="no"?>
<!DOCTYPE svg PUBLIC "-//W3C//DTD SVG 20010904//EN"
              "http://www.w3.org/TR/2001/REC-SVG-20010904/DTD/svg10.dtd">

<svg xmlns="http://www.w3.org/2000/svg"
     width="382.271mm" height="261.621mm"
     viewBox="0 0 1505 1030">
  <path id="Outline"
        fill="none" stroke="black" stroke-width="1"
        d="M 61.46,668.35
           C 61.46,668.35 212.86,343.17 212.86,343.17
             212.86,343.17 290.81,214.29 290.81,214.29
             290.81,214.29 430.21,119.88 430.21,119.88
             430.21,119.88 659.53,93.45 659.53,93.45
             659.53,93.45 773.48,164.84 773.48,164.84
             773.48,164.84 1130.25,47.95 1130.25,47.95
             1130.25,47.95 1458.53,111.58 1458.53,113.89
             1458.53,114.82 1393.83,251.25 1393.83,251.25
             1393.83,251.25 1272.65,350.66 1272.65,350.66
             1272.65,350.66 1197.70,680.34 1197.70,680.34
             1197.70,680.34 987.84,920.11 987.84,920.11
             987.84,920.11 842.44,941.09 842.44,941.09
             842.44,941.09 765.99,870.66 765.99,870.66
             765.99,870.66 370.25,986.04 370.25,986.04
             370.25,986.04 49.47,917.11 49.47,917.11
             49.47,917.11 61.46,668.35 61.46,668.35 Z" />
</svg>
