<?xml version="1.0" encoding="UTF-8" standalone="no"?>
<!DOCTYPE svg PUBLIC "-//W3C//DTD SVG 20010904//EN"
              "http://www.w3.org/TR/2001/REC-SVG-20010904/DTD/svg10.dtd">

<svg xmlns="http://www.w3.org/2000/svg"
     width="127.508mm" height="87.3762mm"
     viewBox="0 0 502 344">
  <path id="Region8"
        fill="none" stroke="black" stroke-width="1"
        d="M 20.50,223.00 
       C 20.50,223.00 71.00,114.50 71.00,114.50 
       71.00,114.50 97.00,71.50 97.00,71.50 
       97.00,71.50 143.50,40.00 143.50,40.00 
       143.50,40.00 219.99,31.18 219.99,31.18 
       219.99,31.18 258.00,55.00 258.00,55.00 
       258.00,55.00 377.00,16.00 377.00,16.00 
       377.00,16.00 486.50,37.23 486.50,38.00 
       486.50,38.31 464.92,83.83 464.92,83.83 
       464.92,83.83 424.50,117.00 424.50,117.00 
       424.50,117.00 399.50,227.00 399.50,227.00 
       399.50,227.00 329.50,307.00 329.50,307.00 
       329.50,307.00 281.00,314.00 281.00,314.00 
       281.00,314.00 255.50,290.50 255.50,290.50 
       255.50,290.50 123.50,329.00 123.50,329.00 
       123.50,329.00 16.50,306.00 16.50,306.00 
       16.50,306.00 20.50,223.00 20.50,223.00 Z" />
</svg>
