<?xml version="1.0" encoding="UTF-8" standalone="no"?>
<!DOCTYPE svg PUBLIC "-//W3C//DTD SVG 20010904//EN"
              "http://www.w3.org/TR/2001/REC-SVG-20010904/DTD/svg10.dtd">

<svg xmlns="http://www.w3.org/2000/svg"
     width="382.271mm" height="261.621mm"
     viewBox="0 0 1505 1030">
  <path id="Region1"
        fill="none" stroke="black" stroke-width="1"
        d="M 440.67,281.33
           C 440.67,284.00 658.00,296.00 658.00,296.00
             658.00,296.00 737.33,288.00 737.33,288.00
             737.33,288.00 819.33,303.33 820.00,303.33
             820.67,303.33 920.00,270.67 920.00,270.67
             920.00,270.67 1058.67,251.33 1058.67,251.33
             1058.67,251.33 1100.00,190.00 1100.00,190.00
             1100.00,190.00 1162.00,170.00 1162.00,170.00
             1162.00,170.00 1197.33,137.33 1197.33,137.33
             1197.33,137.33 1271.33,104.00 1271.33,104.00
             1271.33,104.00 1209.33,67.33 1209.33,67.33
             1209.33,67.33 1124.00,61.33 1124.00,61.33
             1124.00,61.33 1110.00,96.67 1110.00,96.67
             1110.00,96.67 1072.00,119.33 1072.00,119.33
             1072.00,119.33 920.67,124.00 920.67,124.00
             920.67,124.00 874.67,140.67 874.00,140.67
             873.33,140.67 857.33,177.33 856.00,177.33
             854.67,177.33 809.33,186.00 809.33,186.00
             809.33,186.00 753.33,173.33 753.33,173.33
             753.33,173.33 691.33,142.00 691.33,142.00
             691.33,142.00 674.00,104.67 672.67,104.67
             671.33,104.67 619.33,106.67 619.33,106.67
             619.33,106.67 548.67,114.67 548.67,115.33
             548.67,116.00 501.33,130.00 500.67,130.00
             500.00,130.00 496.00,161.33 495.33,162.00
             494.67,162.67 454.00,198.00 453.33,198.00
             452.67,198.00 442.67,206.67 442.67,207.33
             442.67,208.00 440.67,278.67 440.67,281.33 Z
           M 210.00,687.33
           C 210.00,687.33 281.33,704.67 281.33,704.67
             281.33,704.67 342.00,695.33 341.33,695.33
             340.67,695.33 360.67,714.67 361.33,715.33
             362.00,716.00 436.67,709.33 436.00,709.33
             435.33,709.33 464.67,761.33 464.00,761.33
             463.33,761.33 606.67,667.33 606.67,667.33
             606.67,667.33 583.33,626.00 583.33,626.00
             583.33,626.00 600.00,594.67 600.00,594.67
             600.00,594.67 599.33,556.00 599.33,556.00
             599.33,556.00 632.67,507.33 632.67,507.33
             632.67,507.33 601.33,458.00 601.33,458.00
             601.33,458.00 636.00,407.33 636.00,407.33
             636.00,407.33 624.67,347.33 624.67,347.33
             624.67,347.33 657.33,293.33 657.33,293.33
             657.33,293.33 446.00,281.33 446.00,281.33
             446.00,281.33 356.00,363.33 356.00,363.33
             356.00,363.33 313.33,506.67 312.00,507.33
             310.67,508.00 282.00,531.33 282.00,531.33
             282.00,531.33 262.67,614.00 262.00,614.67
             261.33,615.33 210.00,687.33 210.00,687.33 Z
           M 61.33,903.33
           C 60.67,903.33 196.67,883.33 196.00,883.33
             195.33,883.33 211.33,888.67 211.33,889.33
             211.33,890.00 230.67,922.67 229.33,922.67
             228.00,922.67 262.67,947.33 262.67,947.33
             262.67,947.33 349.33,970.67 349.33,970.67
             349.33,970.67 362.67,909.33 362.67,909.33
             362.67,909.33 420.00,856.00 418.67,856.00
             417.33,856.00 463.33,764.67 462.00,764.67
             460.67,764.67 430.00,710.67 429.33,710.67
             428.67,710.67 358.00,717.33 358.00,717.33
             358.00,717.33 336.00,698.67 335.33,698.67
             334.67,698.67 279.33,708.67 279.33,708.67
             279.33,708.67 211.33,690.00 211.33,690.00
             211.33,690.00 170.00,726.67 170.00,727.33
             170.00,728.00 130.00,771.33 130.00,771.33
             130.00,771.33 64.00,767.33 64.67,767.33
             65.33,767.33 62.00,903.33 61.33,903.33 Z
           M 353.33,974.67
           C 355.33,974.67 381.33,968.00 386.67,966.00
             392.00,964.00 406.67,929.33 406.67,929.33
             406.67,929.33 455.33,910.00 455.33,910.00
             455.33,910.00 598.00,907.33 598.67,907.33
             599.33,907.33 642.67,884.00 642.67,884.00
             642.67,884.00 654.67,850.67 654.67,850.67
             654.67,850.67 724.67,845.33 724.67,845.33
             724.67,845.33 754.67,854.00 754.67,854.00
             754.67,854.00 770.67,765.33 770.67,765.33
             770.67,765.33 758.00,640.00 758.67,640.00
             759.33,640.00 749.33,626.67 749.33,626.67
             749.33,626.67 722.00,632.00 722.00,632.00
             722.00,632.00 684.67,653.33 684.67,653.33
             684.67,653.33 603.33,664.67 603.33,664.67
             603.33,664.67 466.00,761.33 466.00,761.33
             466.00,761.33 434.67,810.67 434.67,810.67
             434.67,810.67 427.33,845.33 427.33,845.33
             427.33,845.33 384.67,885.33 384.67,885.33
             384.67,885.33 360.67,916.00 360.67,916.00
             360.67,916.00 351.33,974.67 353.33,974.67 Z
           M 609.33,663.33
           C 609.33,663.33 715.33,638.00 715.33,638.00
             715.33,638.00 795.33,631.33 795.33,631.33
             795.33,631.33 926.67,555.33 926.67,555.33
             926.67,555.33 952.67,519.33 952.67,519.33
             952.67,519.33 948.67,487.33 948.67,487.33
             948.67,487.33 936.67,456.67 936.67,456.67
             936.67,456.67 977.33,435.33 977.33,435.33
             977.33,435.33 953.33,327.33 953.33,327.33
             953.33,327.33 887.33,291.33 887.33,291.33
             887.33,291.33 803.33,304.00 803.33,304.00
             803.33,304.00 738.67,292.00 738.67,292.00
             738.67,292.00 658.00,298.67 658.00,298.67
             658.00,298.67 621.33,350.00 621.33,350.67
             621.33,351.33 642.00,398.00 641.33,400.00
             640.67,402.00 606.00,452.67 606.00,452.67
             606.00,452.67 634.67,494.67 635.33,494.67
             636.00,494.67 602.00,556.00 602.00,556.00
             602.00,556.00 597.33,598.67 597.33,598.67
             597.33,598.67 584.00,626.67 582.67,626.67
             581.33,626.67 609.33,663.33 609.33,663.33 Z
           M 754.67,854.67
           C 754.00,854.67 822.00,892.00 822.00,892.00
             822.00,892.00 838.67,924.67 838.67,924.67
             838.67,924.67 880.00,928.00 880.00,928.00
             880.00,928.00 978.67,908.67 978.67,908.67
             978.67,908.67 1030.00,787.33 1030.00,787.33
             1030.00,787.33 1054.00,774.67 1054.00,774.67
             1054.00,774.67 1086.00,776.67 1086.00,776.67
             1086.00,776.67 1065.33,725.33 1065.33,725.33
             1065.33,725.33 1072.00,637.33 1072.00,637.33
             1072.00,637.33 1054.00,597.33 1054.00,597.33
             1054.00,597.33 974.00,550.67 973.33,550.67
             972.67,550.67 950.67,518.00 950.67,518.00
             950.67,518.00 917.33,556.67 917.33,556.67
             917.33,556.67 796.67,629.33 796.67,629.33
             796.67,629.33 755.33,630.00 755.33,630.00
             755.33,630.00 769.33,752.67 769.33,752.67
             769.33,752.67 763.33,811.33 763.33,811.33
             763.33,811.33 755.33,854.67 754.67,854.67 Z
           M 1089.33,774.67
           C 1089.33,774.67 1169.33,708.00 1169.33,708.00
             1169.33,708.00 1192.00,662.00 1192.00,662.00
             1192.00,662.00 1168.67,627.33 1168.67,627.33
             1168.67,627.33 1176.00,575.33 1176.00,575.33
             1176.00,575.33 1245.33,444.00 1244.67,447.33
             1244.00,450.67 1247.33,420.00 1247.33,420.00
             1247.33,420.00 1202.00,437.33 1202.00,437.33
             1202.00,437.33 1163.33,432.00 1163.33,432.00
             1163.33,432.00 1140.67,420.00 1140.67,420.00
             1140.67,420.00 1068.67,300.67 1068.67,300.67
             1068.67,300.67 1068.00,254.67 1068.00,254.67
             1068.00,254.67 997.33,256.00 997.33,256.00
             997.33,256.00 929.33,268.67 929.33,268.67
             929.33,268.67 888.67,290.00 888.67,290.00
             888.67,290.00 938.67,313.33 938.67,313.33
             938.67,313.33 961.33,350.67 961.33,351.33
             961.33,352.00 985.33,434.00 984.00,434.00
             982.67,434.00 935.33,456.00 935.33,456.67
             935.33,457.33 957.33,490.67 957.33,490.67
             957.33,490.67 952.00,517.33 951.33,517.33
             950.67,517.33 976.67,552.00 976.67,552.00
             976.67,552.00 1061.33,606.00 1062.00,606.00
             1062.67,606.00 1070.67,673.33 1070.67,673.33
             1070.67,673.33 1068.00,721.33 1068.00,722.00
             1068.00,722.67 1089.33,774.67 1089.33,774.67 Z
           M 1176.67,437.33
           C 1176.67,437.33 1246.67,424.67 1246.67,424.67
             1246.67,424.67 1249.33,401.33 1249.33,401.33
             1249.33,401.33 1230.00,376.67 1230.00,376.67
             1230.00,376.67 1230.00,348.00 1230.00,348.00
             1230.00,348.00 1276.67,292.00 1276.67,292.00
             1276.67,292.00 1352.00,248.67 1352.00,248.67
             1352.00,248.67 1379.33,248.67 1379.33,248.67
             1379.33,248.67 1398.00,230.67 1398.00,230.67
             1398.00,230.67 1438.67,122.67 1438.67,122.67
             1438.67,122.67 1330.67,142.00 1327.33,142.67
             1324.00,143.33 1299.33,140.67 1299.33,140.67
             1299.33,140.67 1280.67,104.67 1280.67,104.67
             1280.67,104.67 1195.33,135.33 1195.33,135.33
             1195.33,135.33 1166.00,167.33 1166.00,167.33
             1166.00,167.33 1093.33,196.00 1093.33,196.00
             1093.33,196.00 1066.00,250.00 1066.00,250.00
             1066.00,250.00 1072.00,312.00 1072.00,312.00
             1072.00,312.00 1112.67,380.00 1112.67,380.00
             1112.67,380.00 1176.67,437.33 1176.67,437.33 Z" />
</svg>
