<?xml version="1.0" encoding="UTF-8" standalone="no"?>
<!DOCTYPE svg PUBLIC "-//W3C//DTD SVG 20010904//EN"
              "http://www.w3.org/TR/2001/REC-SVG-20010904/DTD/svg10.dtd">

<svg xmlns="http://www.w3.org/2000/svg"
     width="382.271mm" height="261.621mm"
     viewBox="0 0 1505 1030">
  <path id="Region1"
        fill="none" stroke="black" stroke-width="1"
        d="M 529.83,483.89
           C 529.83,483.89 521.65,569.45 521.65,569.45
             521.65,569.45 613.23,584.71 613.23,584.71
             613.23,584.71 649.75,519.31 649.75,519.31
             649.75,519.31 740.24,425.04 740.24,425.04
             740.24,425.04 717.34,367.28 717.34,367.28
             717.34,367.28 718.43,301.34 718.43,301.34
             718.43,301.34 723.34,242.49 723.34,242.49
             723.34,242.49 752.77,214.16 752.77,214.16
             752.77,214.16 750.63,174.41 750.59,174.38
             750.59,174.38 684.64,137.32 684.64,136.78
             684.64,136.23 670.46,104.08 670.46,104.08
             670.46,104.08 565.81,111.16 566.35,111.16
             566.90,111.16 478.05,137.87 478.05,137.87
             478.05,137.87 510.21,202.71 510.21,202.71
             510.21,202.71 472.05,215.25 472.05,215.25
             472.05,215.25 464.42,256.12 464.96,256.12
             465.51,256.12 512.39,294.80 512.39,294.80
             512.39,294.80 509.12,407.60 509.12,407.60
             509.12,407.60 529.83,483.89 529.83,483.89 Z
           M 228.94,733.47
           C 228.94,733.47 322.15,753.63 322.15,753.63
             322.15,753.63 434.98,747.64 434.98,747.64
             434.98,747.64 494.40,650.64 494.40,650.64
             494.40,650.64 530.37,468.09 530.37,468.09
             530.37,468.09 509.12,408.15 509.12,408.15
             509.12,408.15 516.75,304.07 516.75,304.07
             516.75,304.07 468.23,262.11 468.23,262.11
             468.23,262.11 407.18,282.27 407.18,282.27
             407.18,282.27 391.92,338.94 392.47,338.94
             393.01,338.94 368.48,354.20 368.48,354.20
             368.48,354.20 337.96,341.67 337.96,341.67
             337.96,341.67 309.61,479.53 309.61,479.53
             309.61,479.53 228.94,620.13 228.94,620.13
             228.94,620.13 224.58,670.26 224.58,670.26
             224.58,670.26 249.11,710.04 249.11,710.04
             249.11,710.04 228.94,733.47 228.94,733.47 Z
           M 64.87,750.91
           C 64.32,750.91 61.60,902.94 61.60,902.94
             61.60,902.94 206.04,886.05 206.04,886.05
             206.04,886.05 230.57,931.28 230.57,931.28
             230.57,931.28 324.33,971.60 324.33,971.60
             324.33,971.60 378.84,969.97 379.38,969.97
             379.93,969.97 402.82,934.00 402.82,934.00
             402.82,934.00 473.69,908.94 473.69,908.94
             473.69,908.94 509.66,850.63 509.66,850.63
             509.66,850.63 504.76,780.88 504.76,780.88
             504.76,780.88 444.25,747.09 444.25,747.09
             444.25,747.09 329.24,755.27 329.24,755.27
             329.24,755.27 230.57,733.47 230.03,733.47
             229.48,733.47 200.05,748.18 200.05,748.18
             200.05,748.18 65.41,750.91 64.87,750.91 Z
           M 477.50,908.94
           C 478.05,908.94 511.30,843.00 511.30,843.00
             511.30,843.00 510.21,792.87 510.21,792.87
             510.21,792.87 487.31,765.62 487.31,765.62
             487.31,765.62 438.25,746.00 438.25,746.00
             438.25,746.00 489.49,669.71 489.49,669.71
             489.49,669.71 517.29,569.99 517.84,570.54
             518.38,571.08 612.14,585.80 612.14,585.80
             612.14,585.80 648.11,522.04 648.11,522.04
             648.11,522.04 716.80,578.71 716.80,578.71
             716.80,578.71 793.65,620.13 793.65,620.13
             793.65,620.13 790.93,699.68 790.93,699.68
             790.93,699.68 756.59,772.16 756.59,772.16
             756.59,772.16 753.86,854.44 753.86,854.44
             753.86,854.44 664.47,846.81 664.47,846.81
             664.47,846.81 615.41,901.85 615.41,901.85
             615.41,901.85 476.96,908.94 477.50,908.94 Z
           M 751.68,856.62
           C 751.68,856.62 824.72,892.59 824.72,892.59
             824.72,892.59 836.72,927.46 837.26,928.01
             837.81,928.55 859.61,929.10 859.61,929.10
             859.61,929.10 862.88,860.44 862.88,860.44
             862.88,860.44 971.90,660.45 971.90,660.45
             971.90,660.45 978.44,554.19 978.44,554.19
             978.44,554.19 1111.44,394.53 1111.44,394.53
             1111.44,394.53 974.63,336.22 974.63,336.22
             974.63,336.22 866.15,453.38 866.15,453.38
             866.15,453.38 802.92,471.91 802.92,471.91
             802.92,471.91 744.05,425.59 744.05,425.59
             744.05,425.59 645.39,524.22 645.39,524.22
             645.39,524.22 791.47,617.95 791.47,617.95
             791.47,617.95 794.20,696.42 794.20,696.42
             794.20,696.42 760.95,762.35 760.95,762.35
             760.95,762.35 751.68,856.62 751.68,856.62 Z
           M 799.65,186.91
           C 799.65,186.91 751.14,174.92 751.14,174.92
             751.14,174.92 751.68,214.70 751.68,214.70
             751.68,214.70 714.07,255.03 714.07,255.03
             714.07,255.03 723.88,305.70 723.88,305.70
             723.88,305.70 717.34,377.09 717.34,377.09
             717.34,377.09 739.15,425.59 739.15,425.59
             739.15,425.59 809.46,469.18 809.46,469.18
             809.46,469.18 904.31,419.05 904.31,419.05
             904.31,419.05 1010.06,271.37 1010.06,271.37
             1010.06,271.37 1027.50,187.45 1027.50,187.45
             1027.50,187.45 1022.59,120.97 1022.59,120.97
             1022.59,120.97 915.76,123.70 915.76,123.70
             915.76,123.70 874.87,141.14 874.87,141.14
             874.87,141.14 856.34,179.83 855.80,180.37
             855.56,180.61 799.65,186.91 799.65,186.91 Z
           M 902.13,773.79
           C 902.13,773.79 862.88,877.88 862.88,877.88
             862.88,877.88 862.88,930.73 862.88,930.73
             862.88,930.73 976.26,914.93 976.26,914.93
             976.26,914.93 1037.31,781.42 1037.31,781.42
             1037.31,781.42 1074.92,780.88 1074.92,780.88
             1074.92,780.88 1155.05,728.02 1155.05,728.02
             1155.05,728.02 1189.39,668.08 1189.39,668.08
             1189.39,668.08 1168.13,627.21 1168.13,627.75
             1168.13,628.30 1174.67,583.62 1174.67,583.62
             1174.67,583.62 1242.81,449.02 1242.81,448.47
             1242.81,447.93 1243.36,428.31 1243.36,428.31
             1243.36,428.31 1212.83,431.58 1212.83,431.58
             1212.83,431.58 1169.77,398.34 1169.77,398.34
             1169.77,398.34 1116.89,398.34 1116.89,398.34
             1116.89,398.34 981.71,554.73 981.71,554.73
             981.71,554.73 972.44,662.63 972.44,662.63
             972.44,662.63 902.13,773.79 902.13,773.79 Z
           M 974.63,335.67
           C 974.63,335.67 1012.24,271.92 1012.24,271.92
             1012.24,271.92 1028.59,128.60 1028.59,128.60
             1028.59,128.60 1093.46,107.90 1093.46,107.90
             1093.46,107.90 1123.44,61.03 1123.44,61.03
             1123.44,61.03 1210.65,71.93 1210.65,71.93
             1210.65,71.93 1281.51,108.44 1281.51,108.44
             1281.51,108.44 1297.32,145.50 1297.32,145.50
             1297.32,145.50 1436.32,126.42 1436.32,126.42
             1436.32,126.42 1386.71,249.03 1386.71,249.03
             1386.71,249.03 1336.57,251.76 1336.57,251.76
             1336.57,251.76 1267.34,301.89 1267.34,301.89
             1267.34,301.89 1224.82,364.56 1224.82,364.56
             1224.82,364.56 1246.08,401.61 1246.08,401.61
             1246.08,401.61 1246.08,426.13 1245.54,426.13
             1244.99,426.13 1211.74,428.86 1211.74,428.86
             1211.74,428.86 1171.40,398.89 1170.86,398.89
             1170.31,398.89 1120.71,398.34 1120.71,398.34
             1120.71,398.34 974.63,335.67 974.63,335.67 Z" />
</svg>
