<?xml version="1.0" encoding="UTF-8" standalone="no"?>
<!DOCTYPE svg PUBLIC "-//W3C//DTD SVG 20010904//EN"
              "http://www.w3.org/TR/2001/REC-SVG-20010904/DTD/svg10.dtd">

<svg xmlns="http://www.w3.org/2000/svg"
     width="382.271mm" height="261.621mm"
     viewBox="0 0 1505 1030">
  <path id="Region1"
        fill="none" stroke="black" stroke-width="1"
        d="M 380.00,345.50
           C 380.50,346.00 484.00,389.00 484.00,389.00
             484.00,389.00 526.50,424.50 526.50,424.50
             526.50,424.50 592.50,429.50 592.50,429.50
             592.50,429.50 697.50,422.50 698.00,422.50
             698.50,422.50 747.50,319.50 747.50,319.50
             747.50,319.50 766.50,240.50 766.50,240.50
             766.50,240.50 760.00,175.00 760.00,175.00
             760.00,175.00 697.00,148.50 697.00,148.50
             697.00,148.50 671.00,105.00 671.00,105.00
             671.00,105.00 610.00,106.00 610.00,106.50
             610.00,107.00 530.50,119.50 530.50,119.50
             530.50,119.50 476.00,144.50 475.50,144.50
             475.00,144.50 467.50,195.50 467.50,195.50
             467.50,195.50 440.50,240.00 440.00,240.00
             439.50,240.00 442.00,288.50 442.00,288.50
             442.00,288.50 430.50,311.00 430.50,311.00
             430.50,311.00 379.50,345.00 380.00,345.50 Z
           M 727.50,-117.00M 236.00,699.00
           C 236.00,699.00 283.50,734.00 283.50,734.00
             283.50,734.00 419.50,752.00 419.50,752.00
             419.50,752.00 527.50,802.00 527.50,802.00
             527.50,802.00 634.00,612.50 634.00,612.50
             634.00,612.50 638.00,558.50 638.00,558.50
             638.00,558.50 594.00,426.50 594.00,426.50
             594.00,426.50 524.00,426.50 524.00,426.50
             524.00,426.50 490.00,390.00 490.00,390.00
             490.00,390.00 378.00,346.00 378.00,346.00
             378.00,346.00 303.50,460.50 303.50,460.50
             303.50,460.50 272.50,617.50 272.50,617.50
             272.50,617.50 248.00,659.00 248.00,659.00
             248.00,659.00 249.50,680.50 249.50,680.50
             249.50,680.50 236.00,699.00 236.00,699.00 Z
           M 59.50,811.00
           C 59.50,811.00 64.00,903.00 64.00,903.00
             64.00,903.00 183.50,889.50 183.50,889.50
             183.50,889.50 212.50,891.00 212.50,891.00
             212.50,891.00 227.50,929.00 228.00,929.00
             228.50,929.00 328.50,969.00 329.00,969.00
             329.50,969.00 386.50,968.00 387.00,968.00
             387.50,968.00 404.00,929.50 404.50,929.50
             405.00,929.50 443.00,910.00 443.00,910.00
             443.00,910.00 481.00,909.50 480.50,910.00
             480.00,910.50 529.50,806.00 529.50,805.50
             529.50,805.00 457.00,769.50 457.00,769.50
             457.00,769.50 353.00,746.00 353.00,746.00
             353.00,746.00 284.00,734.50 284.00,734.50
             284.00,734.50 235.00,699.00 235.00,699.00
             235.00,699.00 203.00,721.50 203.00,721.50
             203.00,721.50 179.00,767.50 179.00,768.00
             179.00,768.50 59.50,811.00 59.50,811.00 Z
           M 483.33,911.33
           C 483.33,911.33 588.00,910.00 588.00,910.00
             588.00,910.00 639.33,892.67 639.33,892.67
             639.33,892.67 654.67,858.67 654.67,858.67
             654.67,858.67 686.00,845.33 686.00,845.33
             686.00,845.33 762.67,858.67 762.67,859.33
             762.67,860.00 815.33,888.00 816.67,888.00
             818.00,888.00 835.33,926.00 835.33,926.00
             835.33,926.00 867.33,932.00 867.33,932.00
             867.33,932.00 976.00,912.67 976.00,912.67
             976.00,912.67 1024.67,795.33 1024.67,795.33
             1024.67,795.33 1040.00,778.67 1040.67,778.67
             1041.33,778.67 1074.00,778.00 1074.00,778.00
             1074.00,778.00 1097.33,769.33 1097.33,769.33
             1097.33,769.33 1006.67,664.67 1006.67,664.67
             1006.67,664.67 976.67,698.67 976.67,698.67
             976.67,698.67 940.67,719.33 940.67,719.33
             940.67,719.33 886.00,738.00 885.33,738.00
             884.67,738.00 817.33,738.67 816.67,738.67
             816.00,738.67 589.33,696.00 589.33,696.00
             589.33,696.00 483.33,911.33 483.33,911.33 Z
           M 590.00,694.00
           C 590.00,694.00 726.67,728.00 726.67,728.00
             726.67,728.00 878.67,740.67 878.67,740.67
             878.67,740.67 971.33,704.67 971.33,704.67
             971.33,704.67 1002.67,664.00 1002.67,664.00
             1002.67,664.00 914.67,530.67 914.67,530.67
             914.67,530.67 897.33,464.67 897.33,464.67
             897.33,464.67 906.67,398.00 906.67,398.00
             906.67,398.00 860.67,378.67 860.67,378.67
             860.67,378.67 818.00,396.67 818.00,396.67
             818.00,396.67 700.00,422.00 700.00,422.00
             700.00,422.00 594.00,430.67 594.00,430.67
             594.00,430.67 629.33,547.33 629.33,547.33
             629.33,547.33 635.33,602.00 635.33,602.00
             635.33,602.00 590.00,694.00 590.00,694.00 Z
           M 698.00,419.33
           C 698.00,419.33 811.33,403.33 811.33,403.33
             811.33,403.33 834.00,383.33 834.00,383.33
             834.00,383.33 852.67,374.00 852.67,374.00
             852.67,374.00 903.33,400.67 903.33,400.67
             903.33,400.67 982.00,400.67 982.00,400.67
             982.00,400.67 1058.67,373.33 1058.67,373.33
             1058.67,373.33 1104.67,329.33 1104.67,329.33
             1104.67,329.33 1112.67,270.00 1112.67,270.00
             1112.67,270.00 1039.33,124.67 1039.33,124.67
             1039.33,124.67 909.33,126.67 909.33,126.67
             909.33,126.67 872.67,144.00 872.67,144.00
             872.67,144.00 854.67,181.33 854.67,181.33
             854.67,181.33 816.00,190.67 816.00,190.67
             816.00,190.67 762.00,178.67 762.00,178.67
             762.00,178.67 768.67,238.00 768.67,238.00
             768.67,238.00 748.00,324.00 748.00,324.00
             748.00,324.00 698.00,419.33 698.00,419.33 Z
           M 1004.67,665.33
           C 1004.67,665.33 1096.67,770.00 1096.67,770.00
             1096.67,770.00 1151.33,728.67 1151.33,728.67
             1151.33,728.67 1191.33,664.67 1191.33,665.33
             1191.33,666.00 1168.67,632.00 1168.67,632.00
             1168.67,632.00 1175.33,576.00 1175.33,576.00
             1175.33,576.00 1189.33,556.00 1189.33,556.00
             1189.33,556.00 1142.67,360.67 1142.67,360.67
             1142.67,360.67 1106.67,332.67 1106.67,332.67
             1106.67,332.67 1034.67,386.00 1034.67,386.00
             1034.67,386.00 970.67,403.33 970.67,403.33
             970.67,403.33 908.00,401.33 908.00,401.33
             908.00,401.33 900.00,460.67 900.00,460.67
             900.00,460.67 910.67,520.67 910.67,520.67
             910.67,520.67 1004.67,665.33 1004.67,665.33 Z
           M 1189.33,552.00
           C 1189.33,552.00 1245.33,443.33 1245.33,443.33
             1245.33,443.33 1246.00,400.67 1246.00,400.67
             1246.00,400.67 1225.33,376.67 1225.33,376.67
             1225.33,376.67 1234.00,342.67 1234.00,342.67
             1234.00,342.67 1284.67,286.67 1284.67,286.67
             1284.67,286.67 1351.33,250.67 1351.33,250.67
             1351.33,250.67 1378.00,252.00 1378.00,252.00
             1378.00,252.00 1394.67,240.00 1394.67,240.00
             1394.67,240.00 1440.00,126.67 1440.00,126.67
             1440.00,126.67 1329.33,146.67 1329.33,146.67
             1329.33,146.67 1296.67,143.33 1296.67,143.33
             1296.67,143.33 1273.33,104.00 1273.33,104.00
             1273.33,104.00 1186.67,66.00 1186.67,66.00
             1186.67,66.00 1125.33,64.00 1125.33,64.00
             1125.33,64.00 1104.00,102.67 1104.00,102.67
             1104.00,102.67 1038.00,122.67 1038.00,122.67
             1038.00,122.67 1110.67,266.00 1110.67,266.00
             1110.67,266.00 1111.33,328.00 1111.33,328.00
             1111.33,328.00 1122.67,350.67 1122.67,350.67
             1122.67,350.67 1142.00,363.33 1142.00,363.33
             1142.00,363.33 1189.33,552.00 1189.33,552.00 Z" />
</svg>
