<?xml version="1.0" encoding="UTF-8" standalone="no"?>
<!DOCTYPE svg PUBLIC "-//W3C//DTD SVG 20010904//EN"
              "http://www.w3.org/TR/2001/REC-SVG-20010904/DTD/svg10.dtd">

<svg xmlns="http://www.w3.org/2000/svg"
     width="382.271mm" height="261.621mm"
     viewBox="0 0 1505 1030">
  <path id="Region1"
        fill="none" stroke="black" stroke-width="1"
        d="M 355.33,389.33
           C 355.33,389.33 523.33,414.67 523.33,414.67
             523.33,414.67 670.67,416.67 670.67,416.67
             670.67,416.67 776.67,304.00 776.67,304.00
             776.67,304.00 662.00,201.33 662.00,201.33
             662.00,201.33 630.00,142.67 630.00,142.67
             630.00,142.67 636.00,102.67 636.00,102.67
             636.00,102.67 500.00,131.33 500.00,131.33
             500.00,131.33 481.33,170.67 481.33,170.67
             481.33,170.67 444.67,202.00 444.67,202.00
             444.67,202.00 443.33,271.33 443.33,271.33
             443.33,271.33 359.33,358.67 359.33,358.67
             359.33,358.67 355.33,389.33 355.33,389.33 Z
           M 191.33,735.33
           C 191.33,735.33 248.67,743.33 248.67,743.33
             248.67,743.33 342.67,733.33 342.67,733.33
             342.67,733.33 578.67,770.00 578.67,770.00
             578.67,770.00 579.33,681.33 579.33,681.33
             579.33,681.33 519.33,415.33 519.33,415.33
             519.33,415.33 357.33,389.33 357.33,389.33
             357.33,389.33 322.67,498.00 322.67,498.00
             322.67,498.00 281.33,526.67 281.33,526.67
             281.33,526.67 267.33,648.00 267.33,648.00
             267.33,648.00 242.00,688.00 242.00,688.00
             242.00,688.00 191.33,735.33 191.33,735.33 Z
           M 189.33,736.00
           C 189.33,736.67 168.00,803.33 168.00,803.33
             168.00,803.33 129.33,818.67 129.33,818.67
             129.33,818.67 70.00,795.33 69.33,795.33
             68.67,795.33 64.00,904.67 64.00,904.67
             64.00,904.67 205.33,889.33 205.33,889.33
             205.33,889.33 236.00,932.67 236.00,932.67
             236.00,932.67 381.33,970.00 381.33,970.00
             381.33,970.00 421.33,921.33 421.33,921.33
             421.33,921.33 619.33,895.33 619.33,895.33
             619.33,895.33 582.67,769.33 582.67,769.33
             582.67,769.33 354.67,734.00 354.00,734.00
             353.33,734.00 189.33,735.33 189.33,736.00 Z
           M 620.00,896.00
           C 620.00,896.00 643.33,884.00 642.00,884.00
             640.67,884.00 652.67,852.00 652.67,852.00
             652.67,852.00 716.00,844.67 716.00,844.67
             716.00,844.67 818.00,888.00 818.00,888.00
             818.00,888.00 842.00,927.33 842.00,927.33
             842.00,927.33 866.67,928.00 866.67,928.00
             866.67,928.00 850.00,775.33 850.00,775.33
             850.00,775.33 897.33,696.67 897.33,696.67
             897.33,696.67 808.00,676.67 808.00,676.67
             808.00,676.67 688.00,537.33 688.00,537.33
             688.00,537.33 659.33,414.00 659.33,414.00
             659.33,414.00 521.33,415.33 521.33,415.33
             521.33,415.33 582.00,682.00 582.00,682.00
             582.00,682.00 580.00,768.67 580.00,768.67
             580.00,768.67 620.00,896.00 620.00,896.00 Z
           M 686.00,413.33
           C 686.00,413.33 660.00,418.67 660.00,418.67
             660.00,418.67 674.00,528.00 674.00,528.00
             674.00,528.00 729.33,572.67 729.33,572.67
             729.33,572.67 804.00,670.67 804.00,670.67
             804.00,670.67 898.00,696.67 898.00,696.67
             898.00,696.67 946.00,655.33 946.00,655.33
             946.00,655.33 1001.33,492.00 1001.33,492.00
             1001.33,492.00 909.33,410.00 909.33,410.00
             909.33,410.00 845.33,376.67 845.33,376.67
             845.33,376.67 780.00,302.67 780.00,302.67
             780.00,302.67 686.00,413.33 686.00,413.33 Z
           M 632.67,106.00
           C 632.67,106.00 637.33,158.00 637.33,158.00
             637.33,158.00 674.00,215.33 674.00,215.33
             674.00,215.33 815.33,328.67 815.33,328.67
             815.33,328.67 850.67,382.67 850.00,382.67
             849.33,382.67 943.33,434.67 943.33,434.67
             943.33,434.67 998.67,494.67 998.67,494.67
             998.67,494.67 1038.00,459.33 1038.00,459.33
             1038.00,459.33 1080.67,433.33 1080.67,433.33
             1080.67,433.33 1120.67,426.00 1120.67,426.67
             1120.67,427.33 1053.33,310.00 1053.33,310.00
             1053.33,310.00 1029.33,216.00 1029.33,216.00
             1029.33,216.00 1023.33,126.00 1023.33,126.00
             1023.33,126.00 911.33,126.00 911.33,126.00
             911.33,126.00 869.33,144.00 869.33,144.67
             869.33,145.33 853.33,180.67 853.33,180.67
             853.33,180.67 816.00,188.00 816.00,188.00
             816.00,188.00 688.67,144.67 688.67,144.67
             688.67,144.67 668.67,103.33 668.67,103.33
             668.67,103.33 632.67,106.00 632.67,106.00 Z
           M 867.33,928.00
           C 867.33,928.00 980.00,912.67 980.00,912.67
             980.00,912.67 1028.00,785.33 1028.00,785.33
             1028.00,785.33 1043.33,776.67 1043.33,776.67
             1043.33,776.67 1078.00,777.33 1077.33,778.00
             1076.67,778.67 1144.00,739.33 1144.00,739.33
             1144.00,739.33 1190.00,664.67 1190.00,664.67
             1190.00,664.67 1170.67,625.33 1170.67,625.33
             1170.67,625.33 1176.00,579.33 1176.00,579.33
             1176.00,579.33 1240.67,458.00 1240.67,458.00
             1240.67,458.00 1247.33,422.67 1247.33,422.67
             1247.33,422.67 1112.67,426.67 1112.67,426.67
             1112.67,426.67 1059.33,442.00 1059.33,442.00
             1059.33,442.00 1008.00,492.00 1008.00,492.00
             1008.00,492.00 971.33,558.00 971.33,558.00
             971.33,558.00 946.00,657.33 945.33,658.00
             944.67,658.67 898.67,696.67 898.67,696.67
             898.67,696.67 849.33,760.67 849.33,760.67
             849.33,760.67 848.67,810.67 848.67,810.67
             848.67,810.67 867.33,928.00 867.33,928.00 Z
           M 1122.00,427.33
           C 1122.00,427.33 1252.00,422.00 1252.00,422.00
             1252.00,422.00 1247.33,399.33 1247.33,399.33
             1247.33,399.33 1222.67,372.00 1222.67,372.00
             1222.67,372.00 1241.33,326.67 1241.33,326.67
             1241.33,326.67 1281.33,289.33 1281.33,289.33
             1281.33,289.33 1345.33,250.00 1345.33,250.00
             1345.33,250.00 1378.67,249.33 1378.67,249.33
             1378.67,249.33 1400.67,228.00 1400.67,228.00
             1400.67,228.00 1440.67,124.67 1440.67,124.67
             1440.67,124.67 1324.00,146.00 1324.00,146.00
             1324.00,146.00 1292.67,138.00 1292.67,138.00
             1292.67,138.00 1278.67,104.67 1278.67,104.67
             1278.67,104.67 1228.67,74.00 1228.67,74.00
             1228.67,74.00 1162.67,58.00 1162.00,58.00
             1161.33,58.00 1124.67,63.33 1124.67,63.33
             1124.67,63.33 1105.33,99.33 1105.33,99.33
             1105.33,99.33 1064.67,119.33 1064.67,119.33
             1064.67,119.33 1025.33,122.00 1025.33,121.33
             1025.33,120.67 1028.67,226.67 1028.67,226.67
             1028.67,226.67 1062.67,330.67 1062.67,330.67
             1062.67,330.67 1122.00,427.33 1122.00,427.33 Z" />
</svg>
